0 -40
-1 -40
-2 -40
-3 -40
-4 -40
-5 -40
-6 -40
-7 -40
-8 -40
-9 -40
-10 -40
-11 -40
-12 -40
-13 -40
-14 -40
-15 -40
-16 -40
-17 -40
-18 -40
-19 -40
-20 -40
-21 -40
-22 -40
-23 -40
-24 -40
-25 -40
-26 -40
-27 -40
-28 -40
-29 -40
-30 -40
-31 -40
-32 -40
-33 -40
-34 -40
-35 -40
-36 -40
-37 -40
-38 -40
-39 -40
-40 -40
-41 -40
-42 -40
-43 -40
-44 -40
-45 -40
-46 -40
-47 -40
-48 -40
-49 -40
-50 -40
-51 -40
-52 -40
-53 -40
-54 -40
-55 -40
-56 -40
-57 -40
-58 -40
-59 -40
-60 -40
-60.9999 -39.9875
-61.9992 -39.95
-62.9972 -39.8876
-63.9933 -39.8002
-64.987 -39.6879
-65.9775 -39.5508
-66.9643 -39.3891
-67.9468 -39.2027
-68.9243 -38.9918
-69.8962 -38.7565
-70.8619 -38.497
-71.8208 -38.2135
-72.7724 -37.906
-73.7159 -37.5749
-74.6509 -37.2203
-75.5767 -36.8424
-76.4928 -36.4415
-77.3986 -36.0179
-78.2935 -35.5717
-79.177 -35.1033
-80.0485 -34.613
-80.9075 -34.101
-81.7534 -33.5677
-82.5857 -33.0134
-83.4039 -32.4385
-84.2075 -31.8434
-84.9959 -31.2283
-85.7687 -30.5937
-86.5254 -29.94
-87.2655 -29.2676
-87.9886 -28.5768
-88.6942 -27.8683
-89.3819 -27.1423
-90.0512 -26.3993
-90.7017 -25.6399
-91.3331 -24.8644
-91.9448 -24.0734
-92.5366 -23.2673
-93.1081 -22.4467
-93.6588 -21.6121
-94.1886 -20.764
-94.6969 -19.9029
-95.1836 -19.0293
-95.6483 -18.1439
-96.0907 -17.2471
-96.5105 -16.3395
-96.9076 -15.4217
-97.2816 -14.4943
-97.6322 -13.5579
-97.9594 -12.6129
-98.2628 -11.6601
-98.5423 -10.7
-98.7977 -9.73318
-99.0289 -8.76029
-99.2357 -7.78194
-99.418 -6.79872
-99.5756 -5.81124
-99.7085 -4.82014
-99.8166 -3.82603
-99.8998 -2.82952
-99.9581 -1.83125
-99.9913 -0.831828
-99.9996 0.16811
-99.9829 1.16794
-99.9413 2.16705
-99.8746 3.1648
-99.783 4.16057
-99.6666 5.15374
-99.5254 6.14369
-99.3594 7.1298
-99.1689 8.11145
-98.9539 9.08804
-98.7146 10.0589
-98.451 11.0236
-98.1634 11.9813
-97.852 12.9315
-97.5169 13.8737
-97.1584 14.8072
-96.7767 15.7314
-96.3719 16.6458
-95.9445 17.5498
-95.4945 18.4429
-95.0224 19.3244
-94.5284 20.1938
-94.0128 21.0506
-93.476 21.8943
-92.9182 22.7243
-92.3399 23.54
-91.7413 24.3411
-91.1229 25.1269
-90.4851 25.8971
-89.8282 26.651
-89.1527 27.3883
-88.4589 28.1085
-87.7474 28.8111
-87.0185 29.4958
-86.2728 30.1619
-85.5106 30.8093
-84.7325 31.4373
-83.9389 32.0458
-83.1303 32.6342
-82.3073 33.2022
-81.4704 33.7494
-80.62 34.2756
-79.7568 34.7803
-78.8812 35.2633
-77.9938 35.7243
-77.0952 36.1629
-76.1858 36.5789
-75.2664 36.9721
-74.3374 37.3422
-73.3995 37.6889
-72.4531 38.0121
-71.4991 38.3115
-70.5378 38.587
-69.5699 38.8383
-68.596 39.0654
-67.6168 39.2681
-66.6328 39.4462
-65.6447 39.5997
-64.653 39.7284
-63.6585 39.8323
-62.6616 39.9114
-61.6631 39.9654
-60.6636 39.9945
-60 40
-59 40
-58 40
-57 40
-56 40
-55 40
-54 40
-53 40
-52 40
-51 40
-50 40
-49 40
-48 40
-47 40
-46 40
-45 40
-44 40
-43 40
-42 40
-41 40
-40 40
-39 40
-38 40
-37 40
-36 40
-35 40
-34 40
-33 40
-32 40
-31 40
-30 40
-29 40
-28 40
-27 40
-26 40
-25 40
-24 40
-23 40
-22 40
-21 40
-20 40
-19 40
-18 40
-17 40
-16 40
-15 40
-14 40
-13 40
-12 40
-11 40
-10 40
-9 40
-8 40
-7 40
-6 40
-5 40
-4 40
-3 40
-2 40
-1 40
0 40
1 40
2 40
3 40
4 40
5 40
6 40
7 40
8 40
9 40
10 40
11 40
12 40
13 40
14 40
15 40
16 40
17 40
18 40
19 40
20 40
21 40
22 40
23 40
24 40
25 40
26 40
27 40
28 40
29 40
30 40
31 40
32 40
33 40
34 40
35 40
36 40
37 40
38 40
39 40
40 40
41 40
42 40
43 40
44 40
45 40
46 40
47 40
48 40
49 40
50 40
51 40
52 40
53 40
54 40
55 40
56 40
57 40
58 40
59 40
60 40
60.9999 39.9875
61.9992 39.95
62.9972 39.8876
63.9933 39.8002
64.987 39.6879
65.9775 39.5508
66.9643 39.3891
67.9468 39.2027
68.9243 38.9918
69.8962 38.7565
70.8619 38.497
71.8208 38.2135
72.7724 37.906
73.7159 37.5749
74.6509 37.2203
75.5767 36.8424
76.4928 36.4415
77.3986 36.0179
78.2935 35.5717
79.177 35.1033
80.0485 34.613
80.9075 34.101
81.7534 33.5677
82.5857 33.0134
83.4039 32.4385
84.2075 31.8434
84.9959 31.2283
85.7687 30.5937
86.5254 29.94
87.2655 29.2676
87.9886 28.5768
88.6942 27.8683
89.3819 27.1423
90.0512 26.3993
90.7017 25.6399
91.3331 24.8644
91.9448 24.0734
92.5366 23.2673
93.1081 22.4467
93.6588 21.6121
94.1886 20.764
94.6969 19.9029
95.1836 19.0293
95.6483 18.1439
96.0907 17.2471
96.5105 16.3395
96.9076 15.4217
97.2816 14.4943
97.6322 13.5579
97.9594 12.6129
98.2628 11.6601
98.5423 10.7
98.7977 9.73318
99.0289 8.76029
99.2357 7.78194
99.418 6.79872
99.5756 5.81124
99.7085 4.82014
99.8166 3.82603
99.8998 2.82952
99.9581 1.83125
99.9913 0.831828
99.9996 -0.16811
99.9829 -1.16794
99.9413 -2.16705
99.8746 -3.1648
99.783 -4.16057
99.6666 -5.15374
99.5254 -6.14369
99.3594 -7.1298
99.1689 -8.11145
98.9539 -9.08804
98.7146 -10.0589
98.451 -11.0236
98.1634 -11.9813
97.852 -12.9315
97.5169 -13.8737
97.1584 -14.8072
96.7767 -15.7314
96.3719 -16.6458
95.9445 -17.5498
95.4945 -18.4429
95.0224 -19.3244
94.5284 -20.1938
94.0128 -21.0506
93.476 -21.8943
92.9182 -22.7243
92.3399 -23.54
91.7413 -24.3411
91.1229 -25.1269
90.4851 -25.8971
89.8282 -26.651
89.1527 -27.3883
88.4589 -28.1085
87.7474 -28.8111
87.0185 -29.4958
86.2728 -30.1619
85.5106 -30.8093
84.7325 -31.4373
83.9389 -32.0458
83.1303 -32.6342
82.3073 -33.2022
81.4704 -33.7494
80.62 -34.2756
79.7568 -34.7803
78.8812 -35.2633
77.9938 -35.7243
77.0952 -36.1629
76.1858 -36.5789
75.2664 -36.9721
74.3374 -37.3422
73.3995 -37.6889
72.4531 -38.0121
71.4991 -38.3115
70.5378 -38.587
69.5699 -38.8383
68.596 -39.0654
67.6168 -39.2681
66.6328 -39.4462
65.6447 -39.5997
64.653 -39.7284
63.6585 -39.8323
62.6616 -39.9114
61.6631 -39.9654
60.6636 -39.9945
60 -40
59 -40
58 -40
57 -40
56 -40
55 -40
54 -40
53 -40
52 -40
51 -40
50 -40
49 -40
48 -40
47 -40
46 -40
45 -40
44 -40
43 -40
42 -40
41 -40
40 -40
39 -40
38 -40
37 -40
36 -40
35 -40
34 -40
33 -40
32 -40
31 -40
30 -40
29 -40
28 -40
27 -40
26 -40
25 -40
24 -40
23 -40
22 -40
21 -40
20 -40
19 -40
18 -40
17 -40
16 -40
15 -40
14 -40
13 -40
12 -40
11 -40
10 -40
9 -40
8 -40
7 -40
6 -40
5 -40
4 -40
3 -40
2 -40
1 -40
